spawns: 
  default: 
    world: world
    x: 33.45808075325201
    y: 63.0
    z: 222.54448755337972
    yaw: -272.1377
    pitch: 80.54999
